	YC1	YC2	SP1	SP2	DMA1	DMA2	DMA3	DMA4	DMA5	DMA6	GP1	GP2	GP3	Y
A1	49.19895898	56.84611624	30.53442502	32.56226735	37.97177165	41.57621473	38.90882268	43.76229912	45.91599206	45.8290884	61.6735952	63.7344233	57.50054843	69.63393128
A2	48.30551335	54.86834761	29.01298469	31.9025875	38.41737224	38.98386726	38.81609441	42.56335273	45.80062236	43.12645182	57.95472257	62.6195542	58.35678786	66.41609455
A3	49.23759592	55.61376491	31.28280331	33.01645522	40.59918737	42.46846712	40.96224149	44.08213328	44.06343097	47.77318573	62.29911664	62.12741301	56.7044585	68.02348054
A4	50.13073438	55.25674958	31.72940434	30.84383261	43.27810382	42.70090084	40.72243222	40.81113705	43.59921257	46.51931462	57.98058908	62.00381954	59.70870439	72.21278114
A5	48.4988196	54.77665516	30.41441183	34.32086022	42.16923402	43.06676283	35.64638017	45.66319407	45.16027754	50.19935007	61.70164754	64.35744059	59.84959956	72.25769021
A6	50.64898095	54.85552741	30.21615699	31.39646875	38.75086505	37.13442522	43.18520426	44.3448221	44.72603763	46.35237875	62.96098641	58.39412433	60.2966947	75.01393319
A7	50.31827843	56.2154012	29.88656238	30.54115059	41.6518458	42.66213387	41.52442405	41.14515851	44.01446089	45.00536273	57.33120411	58.1265249	56.56037994	69.99104923
A8	49.00536347	54.75825022	33.24212377	31.64908217	39.90286329	42.93135024	46.07403548	43.12547247	45.08393068	46.83488474	62.99158661	62.53905961	59.21447007	66.26043297
A9	50.24895744	52.55478101	30.4144733	32.14670848	40.6026273	37.73667466	42.4389163	44.64756272	43.68000347	42.44322505	58.67826125	60.68880687	57.11188462	68.07895743
A10	50.82288928	54.7649329	29.76255896	33.62362121	40.52072298	44.86609692	40.06138545	44.28278126	45.16122635	43.49231784	60.79475415	61.19241355	58.9992307	71.02122126
A11	51.16720478	55.64774873	26.2381233	32.91120968	45.15089953	44.35251264	46.87452141	46.40844824	44.37507161	47.53081975	60.54496118	62.92732118	61.68524784	74.75034084
A12	49.76586689	55.73974686	27.65207735	32.14245843	37.62942238	48.89885808	46.94767465	41.59012816	45.95716427	45.0006373	58.84656976	62.95856712	57.99294943	70.27502281
A13	49.89699953	55.73988138	29.8834902	30.61051648	40.20183972	42.47010896	38.44070519	45.56711422	47.42448914	45.80211716	60.72387775	60.31705669	60.43336664	72.85096706
A14	49.90461445	52.96947817	30.30944107	31.13396226	36.44004542	42.14020058	41.98496711	45.38406042	44.08402076	45.65433487	56.6778365	60.18738594	57.50066283	71.92020326
A15	51.58560793	55.44249047	30.41530869	31.83671507	41.17967185	42.2897575	40.55638147	42.6262888	46.05766417	44.04846214	59.63243045	61.19135638	58.04294358	67.07977094
A16	51.23757908	56.16143105	31.23226017	34.55302611	42.19321694	42.20929869	41.39280741	40.75536861	45.82514973	39.94393402	62.22963525	63.76384625	59.8774435	69.57221837
A17	50.91784172	56.53189442	29.70877139	30.13977243	42.89132448	36.45458167	41.47783973	40.49496606	44.92980578	47.04650491	54.12986345	62.10765327	57.64177546	73.26315384
A18	49.68392512	54.73004647	31.82188319	33.13105465	36.1497095	36.98661882	38.35000903	44.05291	44.54635363	48.28491852	55.98259929	64.72581953	55.59407033	72.19024027
A19	50.41056558	54.6137289	28.61772594	31.47276574	40.82553899	41.7673831	41.59973812	42.83640851	46.57530771	42.13385129	56.86276859	60.98014414	61.53033687	71.15949035
A20	50.44361936	56.7854054	28.18733592	33.6659909	43.1867399	40.25679786	44.67341946	47.09193613	42.99454218	50.44720816	55.70945783	63.92673577	59.72071448	71.19278561
A21	48.85415938	52.99848635	28.15652073	30.86079936	39.17196827	42.16420958	40.65541099	44.23081731	44.35680521	47.15546447	61.13287421	63.29580601	57.83272112	68.77148675
A22	48.09886503	54.47580403	31.11344554	32.14362323	39.57569894	35.66637488	40.65785391	42.14452679	43.56315656	50.02492088	57.31909346	62.591417	55.01184243	66.70153672
A23	50.70601303	55.5489545	29.87562009	30.90044906	39.92692556	37.50390524	43.93700121	40.64125283	46.39531344	43.12848859	54.15572287	62.07822184	62.80441954	73.23856448
A24	48.31775842	53.05867148	31.18472688	32.90351643	40.7300375	38.69554968	42.88663211	41.66047615	44.80929657	46.50034387	58.27856433	60.27230577	65.78074164	66.44945127
A25	50.00185206	55.33555343	29.59844037	33.48377949	41.33031975	44.95817466	37.53816088	43.7886433	44.4753288	45.69995812	58.94528482	60.71650248	59.41496081	67.6527602
A26	50.2752726	57.25343683	29.11216185	33.95072101	42.63564177	38.70452998	41.47996964	41.96285031	48.18404447	48.3055223	62.31332078	61.59642829	60.6996133	71.57241248
A27	50.62025413	54.99512722	29.44747114	32.79760066	39.80902482	39.60145814	44.47244919	44.18272928	44.94996273	44.2724213	57.01986923	61.12711112	61.44912062	66.84451363
A28	50.20836886	54.66585517	27.22107476	33.84326625	40.39255609	42.23962146	43.97208033	42.23102248	44.55625069	45.96970698	63.13548099	63.45238362	57.59639113	68.62032397
A29	49.19386081	55.56989406	28.24557711	33.24642391	44.97599575	41.03176091	41.88189837	42.75721221	45.29986525	40.66402255	61.07557933	60.71577548	58.29760754	67.04300123
A30	51.08500245	54.6651134	27.83694803	31.86812509	40.86219786	42.43925154	42.51456369	41.31982775	43.43157538	43.66713567	60.97835083	60.81702	55.54575793	71.55165889
A31	51.91249714	55.97608045	31.58148341	32.47703724	40.37750622	48.91518595	38.48643605	47.38160025	45.49030264	46.37510165	57.69818069	59.74077037	57.52684354	71.11578254
A32	50.96929669	56.08532256	29.10400486	31.02800579	37.31551375	38.62618899	41.63027629	43.76502998	44.9038368	43.88103552	65.27490328	60.64032555	60.24481957	71.05471173
A33	47.86198401	55.00322999	31.18418978	31.81479783	40.0057121	41.08359108	38.99565724	43.53045737	45.46852512	45.86929154	59.55646875	60.82120933	58.41856802	71.10616193
A34	51.5395338	53.58796941	32.2747359	33.22096371	39.55734769	40.44972165	40.03816206	39.10871645	44.01762936	44.59622208	55.07277652	54.98428699	58.57157693	71.39311437
A35	49.93833846	53.41813513	29.71233779	32.54128414	39.97790834	46.53718628	42.96476774	44.51752137	43.97701616	47.82079041	59.44958753	57.45143759	58.7748809	71.59839123
A36	50.57740571	54.28840316	30.42581836	32.45735733	38.84916472	39.69154523	38.61252447	40.64566575	44.30658534	49.50546493	54.77700101	60.81153403	55.27266604	65.07834611
A37	50.68423656	55.9568566	27.37339872	30.96186896	38.6263687	41.75373929	41.56052833	40.94950038	44.23201043	43.53249576	59.16162269	60.31026219	60.67525987	69.6279591
A38	49.89364532	52.65015379	28.77199533	31.39548677	38.55845274	44.36140084	41.89949728	45.11218469	46.29904997	45.07889032	58.85998709	57.87773975	56.11301422	70.28115953
A39	49.91721048	52.73640981	30.08432227	31.23539399	39.57099097	38.82422839	41.11531514	41.95878851	46.57914556	50.31928378	61.84094016	55.82200074	58.58285968	71.81169051
A40	51.12107278	54.21546421	30.44863036	32.39529587	42.7362653	46.96552745	44.82659653	38.97874376	44.84310805	39.40323024	62.7256397	60.07864003	58.12287308	67.03128481
A41	50.78276211	55.47327382	28.86090282	31.00949237	42.09817325	44.02728725	38.85307061	47.07077945	44.64106344	45.04048662	58.03951659	62.69908899	58.56281237	68.75099953
A42	51.08928847	53.90372074	34.0272885	32.56204139	39.28004976	38.77738017	42.27287355	37.53196407	44.67096117	52.19411285	62.17649394	65.61042044	61.91993189	67.31589252
A43	52.62121936	56.06409884	29.31241479	30.88358359	36.62816709	43.36373343	40.81324581	44.31746652	45.06923648	52.58077021	63.8456724	60.90001234	57.83588016	72.64310053
A44	50.73085745	55.40004396	30.09636533	33.82853046	38.31083314	41.36007857	40.45225229	45.33967327	45.09690423	46.46978597	57.88281119	64.88228059	57.43380481	73.19768146
A45	50.22811927	54.79523246	30.9746878	32.46059135	39.08447893	42.93968632	41.97459159	41.54877391	45.29003439	43.40917315	58.23850821	61.21585761	55.96069201	71.96919181
A46	47.56830358	55.98259376	29.96097205	31.29899639	40.20727601	41.73007441	38.85715876	44.02186022	44.25332106	46.49637226	61.75710158	61.30038347	57.38860384	66.94399154
A47	52.9608854	55.4660382	29.03464892	32.24104593	38.67478545	45.21154811	38.24175308	44.00999989	44.15310361	44.04167681	60.49422952	61.84454581	56.66763059	71.12988029
A48	49.4690555	54.46487797	31.5679585	31.6475468	44.01336138	37.94669884	39.96159016	45.39343325	46.19707766	50.35845185	61.48169239	58.73649916	59.81589239	72.87612297
A49	52.61220819	55.27733792	32.42331798	32.37114796	39.45546493	40.43214991	44.67869001	44.11342859	44.45137264	43.58055203	63.7926476	60.86553265	57.27399151	70.41985245
A50	50.41210792	55.77701603	29.95545904	32.24353272	37.57211106	41.25242797	41.11710603	42.43676731	45.3030457	47.11873479	61.04512442	63.36196402	59.60808407	68.58472667
